Debt	Spread	GDPac	GDPstd	TBstd	Rstd	Cstd	R&GDP	TB&GDP	L&GDP	IM&GDP	TB&R	L&R	IM&R	D&GDP	Dlow	Drec	Dfreq	GDPdrop
39.05	0.42	0.29	3.26	0.83	0.21	1.15	-0.61	-0.64	0.74	0.74	0.58	-0.77	-0.72	-0.18	100.00	97.28	0.10	-14.13	
39.05	0.42	0.29	3.26	0.82	0.21	1.15	-0.61	-0.65	0.74	0.74	0.58	-0.77	-0.72	-0.17	100.00	96.76	0.10	-14.12	
39.05	0.42	0.29	3.26	0.82	0.21	1.15	-0.61	-0.65	0.74	0.74	0.58	-0.77	-0.72	-0.17	100.00	96.90	0.10	-14.11	
39.05	0.42	0.30	3.26	0.82	0.21	1.15	-0.61	-0.65	0.74	0.74	0.58	-0.77	-0.72	-0.17	100.00	97.12	0.10	-14.12	
39.05	0.42	0.29	3.26	0.82	0.21	1.15	-0.61	-0.65	0.74	0.74	0.58	-0.77	-0.72	-0.17	100.00	97.49	0.10	-14.01	
39.05	0.42	0.30	3.26	0.81	0.21	1.15	-0.61	-0.65	0.74	0.74	0.59	-0.77	-0.73	-0.17	100.00	97.04	0.09	-14.11	
39.04	0.42	0.29	3.26	0.84	0.21	1.15	-0.61	-0.64	0.74	0.74	0.58	-0.77	-0.72	-0.17	100.00	96.09	0.10	-14.16	
39.05	0.42	0.29	3.26	0.82	0.21	1.15	-0.61	-0.65	0.74	0.74	0.58	-0.77	-0.72	-0.17	100.00	97.58	0.10	-14.00	
22.28	0.55	0.71	4.60	0.85	0.50	1.07	-0.03	-0.32	0.55	0.96	0.01	0.05	-0.03	-0.11	99.04	47.02	0.13	-14.51	
22.28	0.55	0.71	4.61	0.85	0.51	1.07	-0.03	-0.32	0.55	0.96	0.01	0.05	-0.04	-0.11	99.70	48.08	0.12	-14.61	
22.28	0.55	0.94	10.42	NaN	0.51	1.01	NaN	NaN	NaN	NaN	NaN	NaN	NaN	-0.07	97.51	15.21	0.13	-15.15	
22.28	0.55	0.71	4.60	0.85	0.50	1.07	-0.03	-0.32	0.55	0.96	0.01	0.05	-0.04	-0.11	99.05	47.97	0.13	-14.52	
39.05	0.42	0.29	3.26	0.82	0.21	1.15	-0.61	-0.64	0.74	0.74	0.58	-0.77	-0.72	-0.17	100.00	96.91	0.10	-14.08	
22.28	0.55	0.71	4.60	0.85	0.51	1.07	-0.03	-0.32	0.55	0.96	0.02	0.04	-0.04	-0.11	99.02	48.20	0.13	-14.59	
22.28	0.55	0.71	4.61	0.85	0.51	1.07	-0.03	-0.32	0.55	0.96	0.02	0.04	-0.04	-0.11	98.96	48.30	0.13	-14.57	
22.28	0.55	0.71	4.62	0.85	0.51	1.07	-0.03	-0.32	0.55	0.96	0.02	0.04	-0.04	-0.11	99.43	50.28	0.13	-14.52	
22.28	0.55	0.71	4.62	0.85	0.50	1.07	-0.03	-0.32	0.55	0.96	0.01	0.05	-0.03	-0.11	98.85	47.26	0.13	-14.52	
22.28	0.55	0.71	4.60	0.85	0.51	1.07	-0.03	-0.32	0.55	0.96	0.01	0.05	-0.04	-0.11	99.62	47.31	0.13	-14.57	
22.28	0.55	0.71	4.60	0.85	0.51	1.07	-0.03	-0.32	0.55	0.96	0.01	0.05	-0.04	-0.11	99.50	51.58	0.13	-14.52	
22.28	0.55	0.71	4.60	0.86	0.50	1.07	-0.03	-0.32	0.55	0.96	0.01	0.05	-0.03	-0.11	99.26	47.00	0.14	-14.56	
22.28	0.55	0.71	4.60	0.85	0.51	1.07	-0.03	-0.32	0.55	0.96	0.01	0.04	-0.04	-0.11	99.61	48.13	0.12	-14.55	
22.28	0.55	0.71	4.61	0.85	0.51	1.07	-0.03	-0.32	0.55	0.96	0.01	0.05	-0.04	-0.11	99.12	48.48	0.13	-14.65	
22.28	0.55	0.71	4.61	0.86	0.50	1.07	-0.02	-0.32	0.55	0.96	0.01	0.05	-0.03	-0.11	99.52	47.91	0.13	-14.59	
22.28	0.55	0.71	4.60	0.84	0.51	1.07	-0.03	-0.32	0.55	0.96	0.01	0.06	-0.03	-0.11	98.96	45.73	0.12	-14.56	
22.28	0.55	0.71	4.61	0.85	0.51	1.07	-0.03	-0.32	0.55	0.96	0.02	0.05	-0.04	-0.11	99.61	49.51	0.13	-14.54	
22.28	0.55	0.70	4.59	0.85	0.51	1.07	-0.03	-0.32	0.55	0.96	0.01	0.05	-0.03	-0.11	99.18	52.10	0.13	-14.50	
22.28	0.55	0.71	4.60	0.85	0.50	1.07	-0.03	-0.32	0.55	0.96	0.01	0.05	-0.04	-0.11	99.20	46.73	0.13	-14.57	
22.28	0.55	0.71	4.61	0.85	0.50	1.07	-0.02	-0.32	0.55	0.96	0.01	0.05	-0.03	-0.11	99.52	44.69	0.13	-14.49	
22.28	0.55	0.71	4.60	0.85	0.50	1.07	-0.03	-0.32	0.55	0.96	0.01	0.05	-0.03	-0.11	99.03	49.27	0.13	-14.50	
22.28	0.55	0.71	4.61	0.85	0.50	1.07	-0.03	-0.32	0.55	0.96	0.01	0.05	-0.03	-0.11	99.02	49.22	0.13	-14.57	
22.28	0.55	0.71	4.62	0.85	0.50	1.07	-0.03	-0.32	0.56	0.96	0.01	0.06	-0.03	-0.11	99.52	47.25	0.13	-14.58	
22.28	0.55	0.71	4.60	0.85	0.51	1.07	-0.03	-0.32	0.55	0.96	0.01	0.04	-0.04	-0.11	99.49	47.97	0.12	-14.53	
22.28	0.55	0.71	4.60	0.85	0.51	1.07	-0.04	-0.32	0.55	0.96	0.02	0.04	-0.04	-0.11	99.15	47.39	0.13	-14.54	
22.28	0.55	0.71	4.61	0.85	0.51	1.07	-0.03	-0.32	0.55	0.96	0.01	0.04	-0.04	-0.11	99.61	49.56	0.13	-14.58	
22.28	0.55	0.71	4.60	0.85	0.51	1.07	-0.03	-0.32	0.55	0.96	0.01	0.05	-0.04	-0.11	99.12	47.01	0.13	-14.56	
22.28	0.55	0.71	4.61	0.85	0.51	1.07	-0.03	-0.32	0.55	0.96	0.01	0.05	-0.04	-0.11	98.73	45.91	0.13	-14.64	
22.28	0.55	0.71	4.60	0.85	0.51	1.07	-0.03	-0.32	0.55	0.96	0.01	0.05	-0.04	-0.11	99.50	47.12	0.12	-14.58	
22.28	0.55	0.71	4.60	0.85	0.51	1.07	-0.03	-0.32	0.55	0.96	0.01	0.05	-0.03	-0.11	99.51	50.39	0.13	-14.53	
22.28	0.55	0.71	4.60	0.85	0.50	1.07	-0.03	-0.32	0.55	0.96	0.01	0.05	-0.04	-0.11	99.31	46.44	0.13	-14.50	
22.28	0.55	0.71	4.59	0.85	0.50	1.07	-0.03	-0.32	0.55	0.96	0.01	0.05	-0.03	-0.11	99.31	49.50	0.13	-14.60	
22.28	0.55	0.71	4.59	0.85	0.51	1.07	-0.03	-0.32	0.55	0.96	0.01	0.04	-0.04	-0.11	99.39	49.70	0.12	-14.56	
22.28	0.55	0.71	4.61	0.85	0.51	1.07	-0.03	-0.32	0.55	0.96	0.01	0.04	-0.03	-0.11	99.30	46.75	0.12	-14.51	
22.28	0.55	0.71	4.60	0.85	0.50	1.07	-0.03	-0.32	0.55	0.96	0.01	0.05	-0.04	-0.11	98.84	48.70	0.13	-14.60	
22.28	0.55	0.71	4.61	0.85	0.51	1.07	-0.03	-0.32	0.56	0.96	0.01	0.05	-0.03	-0.11	99.71	51.12	0.13	-14.59	
22.28	0.55	0.71	4.60	0.86	0.51	1.07	-0.03	-0.32	0.55	0.96	0.02	0.05	-0.03	-0.11	98.96	49.34	0.13	-14.50	
22.28	0.55	0.71	4.61	0.85	0.51	1.07	-0.03	-0.32	0.55	0.96	0.01	0.05	-0.04	-0.11	99.42	45.99	0.13	-14.50	
22.28	0.55	0.71	4.60	0.86	0.51	1.07	-0.03	-0.32	0.55	0.95	0.02	0.05	-0.03	-0.11	99.18	46.57	0.14	-14.58	
22.28	0.55	0.71	4.61	0.85	0.50	1.07	-0.03	-0.32	0.55	0.96	0.01	0.05	-0.03	-0.11	99.10	48.75	0.12	-14.59	
22.28	0.55	0.71	4.61	0.85	0.50	1.07	-0.03	-0.32	0.55	0.96	0.01	0.05	-0.04	-0.11	99.31	48.48	0.13	-14.53	
22.28	0.54	0.71	4.61	0.86	0.50	1.07	-0.03	-0.32	0.55	0.96	0.01	0.05	-0.03	-0.11	99.62	45.61	0.13	-14.56	
22.28	0.55	0.71	4.61	0.85	0.51	1.07	-0.03	-0.32	0.55	0.96	0.01	0.04	-0.04	-0.11	99.17	48.71	0.12	-14.51	
22.28	0.55	0.71	4.61	0.86	0.50	1.07	-0.03	-0.32	0.55	0.96	0.01	0.05	-0.03	-0.11	99.54	46.23	0.13	-14.56	
22.28	0.55	0.71	4.60	0.85	0.50	1.07	-0.03	-0.32	0.55	0.96	0.01	0.05	-0.03	-0.11	99.43	49.29	0.13	-14.58	
22.28	0.55	0.71	4.62	0.85	0.51	1.07	-0.03	-0.32	0.55	0.96	0.01	0.05	-0.04	-0.10	99.10	44.34	0.13	-14.54	
22.28	0.55	0.71	4.61	0.85	0.51	1.07	-0.03	-0.32	0.56	0.96	0.01	0.05	-0.03	-0.11	99.23	48.37	0.13	-14.54	
22.28	0.55	0.71	4.61	0.85	0.50	1.07	-0.02	-0.32	0.56	0.96	0.01	0.05	-0.03	-0.11	98.48	47.05	0.12	-14.57	
22.28	0.55	0.71	4.61	0.85	0.51	1.07	-0.03	-0.32	0.55	0.96	0.01	0.05	-0.03	-0.11	99.52	48.00	0.13	-14.53	
22.28	0.55	0.71	4.60	0.86	0.51	1.07	-0.03	-0.32	0.55	0.95	0.02	0.04	-0.04	-0.11	99.28	47.29	0.14	-14.53	
